1 7
2 11
3 7
4 7
5 7
6 7
7 7
8 11
9 7
10 11
11 11
12 11
13 7
14 7
15 7
16 7
17 7
18 15
19 7
20 7
21 7
22 7
23 15
24 11
25 19
26 11
27 7
28 7
29 7
30 11
31 7
32 11
33 7
34 19
35 7
36 7
37 11
38 7
39 11
40 11
41 7
42 7
43 11
44 11
45 7
46 11
47 7
48 11
49 7
50 7
51 19
52 7
53 11
54 7
55 15
56 7
57 7
58 7
59 11
60 7
61 7
62 7
63 7
64 7
65 15
66 7
67 19
68 15
69 7
70 7
71 7
72 7
73 15
74 11
75 7
76 7
77 19
78 7
79 7
80 31
81 11
82 23
83 7
84 19
85 7
86 11
87 11
88 7
89 11
90 7
91 15
92 7
93 7
94 11
95 7
96 11
97 7
98 7
99 11
100 15
101 11
102 19
103 7
104 7
105 7
106 7
107 11
108 7
109 15
110 23
111 7
112 19
113 11
114 11
115 7
116 7
117 15
118 11
119 11
120 11
121 15
122 11
123 7
124 7
125 7
126 15
127 31
128 15
129 7
130 7
131 7
132 7
133 7
134 11
135 11
136 7
137 15
138 19
139 7
140 7
141 7
142 23
143 7
144 7
145 15
146 39
147 11
148 11
149 7
150 11
151 7
152 7
153 15
154 11
155 7
156 7
157 7
158 19
159 19
160 11
161 7
162 11
163 7
164 15
165 11
166 7
167 7
168 7
169 11
170 11
171 11
172 11
173 7
174 7
175 19
176 7
177 7
178 11
179 7
180 7
181 11
182 11
183 11
184 7
185 7
186 15
187 7
188 7
189 23
190 11
191 7
192 15
193 15
194 11
195 19
196 7
197 7
198 7
199 7
200 7
201 11
202 15
203 11
204 11
205 7
206 19
207 7
208 23
209 7
210 11
211 7
212 7
213 7
214 11
215 7
216 7
217 11
218 11
219 7
220 19
221 7
222 7
223 7
224 7
225 11
226 7
227 7
228 7
229 11
230 7
231 19
232 7
233 7
234 11
235 11
236 11
237 19
238 19
239 7
240 7
241 7
242 11
243 7
244 7
245 23
246 7
247 11
248 11
249 19
250 11
251 7
252 7
253 7
254 15
255 7
256 23
257 7
258 19
259 7
260 11
261 7
262 23
263 7
264 7
265 15
266 7
267 15
268 7
269 7
270 11
271 31
272 11
273 11
274 7
275 15
276 11
277 11
278 11
279 7
280 23
281 11
282 7
283 7
284 7
285 11
286 7
287 7
288 15
289 11
290 19
291 7
292 7
293 7
294 11
295 7
296 11
297 7
298 7
299 7
300 19
301 7
302 7
303 7
304 11
305 7
306 7
307 15
308 39
309 23
310 7
311 7
312 19
313 11
314 7
315 31
316 7
317 23
318 7
319 15
320 19
321 11
322 7
323 7
324 7
325 19
326 7
327 19
328 7
329 15
330 11
331 11
332 7
333 7
334 7
335 19
336 15
337 7
338 11
339 11
340 7
341 23
342 11
343 23
344 15
345 7
346 7
347 7
348 7
349 15
350 23
351 11
352 31
353 7
354 7
355 7
356 11
357 7
358 7
359 19
360 11
361 7
362 7
363 7
364 11
365 11
366 11
367 19
368 7
369 15
370 7
371 7
372 7
373 11
374 19
375 11
376 11
377 7
378 7
379 7
380 19
381 7
382 7
383 11
384 11
385 15
386 23
387 11
388 7
389 11
390 7
391 7
392 7
393 7
394 15
395 11
396 7
397 23
398 31
399 7
400 7
401 7
402 7
403 7
404 7
405 19
406 7
407 7
408 11
409 7
410 7
411 15
412 19
413 7
414 19
415 7
416 11
417 7
418 23
419 11
420 11
421 11
422 19
423 15
424 7
425 11
426 23
427 11
428 7
429 15
430 19
431 11
432 7
433 19
434 19
435 7
436 7
437 7
438 19
439 15
440 7
441 7
442 7
443 23
444 7
445 15
446 7
447 11
448 15
449 43
450 11
451 7
452 7
453 11
454 15
455 7
456 7
457 7
458 15
459 7
460 7
461 7
462 7
463 7
464 7
465 7
466 7
467 19
468 23
469 7
470 15
471 19
472 7
473 23
474 15
475 15
476 7
477 19
478 7
479 19
480 7
481 11
482 7
483 7
484 7
485 7
486 7
487 7
488 7
489 11
490 19
491 7
492 7
493 7
494 7
495 7
496 15
497 7
498 7
499 11
500 7
501 11
502 15
503 11
504 7
505 7
506 7
507 11
508 7
509 7
510 7
511 11
512 7
513 7
514 7
515 7
516 23
517 19
518 7
519 11
520 19
521 7
522 7
523 11
524 19
525 11
526 7
527 7
528 11
529 15
530 31
531 7
532 11
533 7
534 31
535 11
536 7
537 7
538 7
539 7
540 19
541 15
542 7
543 11
544 7
545 7
546 11
547 11
548 15
549 7
550 7
551 7
552 7
553 7
554 7
555 19
556 11
557 19
558 7
559 7
560 39
561 15
562 7
563 19
564 7
565 7
566 15
567 23
568 23
569 11
570 19
571 7
572 7
573 7
574 19
575 7
576 11
577 7
578 11
579 7
580 7
581 15
582 7
583 15
584 7
585 11
586 7
587 15
588 19
589 7
590 11
591 23
592 7
593 11
594 11
595 11
596 7
597 11
598 7
599 15
600 19
601 11
602 7
603 11
604 19
605 15
606 19
607 11
608 15
609 7
610 7
611 11
612 23
613 7
614 7
615 7
616 19
617 11
618 23
619 7
620 7
621 15
622 19
623 11
624 11
625 7
626 11
627 7
628 7
629 11
630 15
631 11
632 7
633 7
634 11
635 11
636 7
637 7
638 7
639 15
640 19
641 7
642 7
643 7
644 11
645 7
646 31
647 7
648 15
649 15
650 19
651 7
652 23
653 15
654 7
655 19
656 7
657 7
658 15
659 11
660 11
661 7
662 7
663 23
664 23
665 7
666 11
667 31
668 11
669 23
670 7
671 11
672 7
673 15
674 11
675 7
676 19
677 7
678 11
679 7
680 11
681 7
682 11
683 7
684 11
685 11
686 7
687 15
688 7
689 7
690 11
691 15
692 7
693 7
694 7
695 7
696 11
697 11
698 15
699 15
700 7
701 19
702 7
703 15
704 7
705 15
706 7
707 7
708 7
709 7
710 31
711 11
712 7
713 7
714 7
715 15
716 7
717 7
718 19
719 7
720 7
721 7
722 11
723 23
724 11
725 7
726 11
727 15
728 7
729 7
730 11
731 11
732 7
733 7
734 7
735 7
736 7
737 7
738 11
739 15
740 7
741 7
742 7
743 11
744 15
745 7
746 7
747 15
748 7
749 7
750 7
751 7
752 7
753 15
754 7
755 31
756 11
757 7
758 7
759 19
760 7
761 7
762 11
763 23
764 7
765 7
766 19
767 19
768 11
769 7
770 7
771 11
772 11
773 7
774 7
775 7
776 7
777 7
778 7
779 7
780 7
781 11
782 11
783 19
784 7
785 15
786 11
787 11
788 15
789 7
790 7
791 15
792 7
793 7
794 11
795 11
796 15
797 11
798 7
799 19
800 7
801 7
802 11
803 7
804 15
805 11
806 7
807 11
808 7
809 19
810 23
811 7
812 7
813 7
814 15
815 11
816 19
817 11
818 7
819 11
820 15
821 11
822 7
823 11
824 15
825 7
826 11
827 7
828 11
829 7
830 7
831 23
832 7
833 7
834 7
835 7
836 11
837 11
838 15
839 7
840 7
841 19
842 19
843 15
844 15
845 7
846 15
847 7
848 7
849 31
850 7
851 15
852 11
853 7
854 23
855 15
856 7
857 7
858 11
859 23
860 11
861 7
862 7
863 11
864 23
865 7
866 11
867 7
868 7
869 11
870 7
871 11
872 7
873 7
874 19
875 11
876 11
877 19
878 7
879 11
880 15
881 11
882 7
883 7
884 7
885 15
886 11
887 7
888 7
889 11
890 15
891 7
892 7
893 7
894 11
895 7
896 11
897 19
898 23
899 7
900 7
901 7
902 7
903 43
904 11
905 7
906 7
907 7
908 11
909 7
910 11
911 11
912 19
913 7
914 7
915 11
916 7
917 31
918 7
919 31
920 23
921 7
922 7
923 7
924 11
925 15
926 11
927 7
928 7
929 7
930 7
931 11
932 7
933 7
934 15
935 7
936 11
937 11
938 7
939 7
940 7
941 7
942 11
943 11
944 7
945 7
946 15
947 15
948 7
949 7
950 11
951 7
952 23
953 7
954 7
955 11
956 7
957 11
958 19
959 11
960 19
961 7
962 7
963 11
964 11
965 19
966 7
967 15
968 11
969 7
970 19
971 7
972 7
973 7
974 11
975 23
976 7
977 11
978 31
979 7
980 7
981 15
982 19
983 7
984 15
985 7
986 11
987 7
988 51
989 7
990 7
991 15
992 23
993 23
994 7
995 7
996 7
997 15
998 7
999 7
1000 11
