1 7
2 11
3 7
4 7
5 7
6 7
7 7
8 11
9 7
10 11
11 11
12 11
13 7
14 7
15 7
16 7
17 7
18 15
19 7
20 7
21 7
22 7
23 15
24 11
25 19
26 11
27 7
28 7
29 7
30 11
31 7
32 11
33 7
34 19
35 7
36 7
37 11
38 7
39 11
40 11
41 7
42 7
43 11
44 11
45 7
46 11
47 7
48 11
49 7
50 7
51 19
52 7
53 11
54 7
55 15
56 7
57 7
58 7
59 11
60 7
61 7
62 7
63 7
64 7
65 15
66 7
67 19
68 15
69 7
70 7
71 7
72 7
73 15
74 11
75 7
76 7
77 19
78 7
79 7
80 31
81 11
82 23
83 7
84 19
85 7
86 11
87 11
88 7
89 11
90 7
91 15
92 7
93 7
94 11
95 7
96 11
97 7
98 7
99 11
100 15
